# This scene has three dir lights
# It is good for testing illuminaton with dir lights.

# A camera
camera 0 25 -25   0 -25 25   0 1 0   0.25   1 1000


# One directional light
#dir_light 0 0 1   0.710 -.580 -0.410
   

# A mostly diffuse material
material   0 0 0   1 1 1  0.2 0.2 0.2   0.0 0.0 0.0  0.0 0.0 0.0  10 1 0 
material   0 0 0   1 1 1  0.2 0.2 0.2   0.0 0.0 0.0  0.0 0.0 0.0  10 1 texture1.bmp
material   0 0 0   1 1 1  0.2 0.2 0.2   0.0 0.0 0.0  0.0 0.0 0.0  10 1 rocks.jpg
material   0 0 0   1 1 1  0.2 0.2 0.2   0.0 0.0 0.0  0.0 0.0 0.0  10 1 obsidian.jpg
material   0 0 0   1 1 1  0.2 0.2 0.2   0.0 0.0 0.0  0.0 0.0 0.0  10 1 road2.jpg

#wall. params: matId => 2, x1 => 0.000, z1 => 0.000, x2 => 260.000, z2 => 150.000, yStart => 0.000, zWidth => 1.000, yHeight => 10.000
begin 2
-0.866 0.000 0.500 0.000
0.000 1.000 0.000 0.000
-0.500 0.000 -0.866 0.000
0.000 0.000 0.000 1.000
box 2 -300.167 0.000 0.000 0.000 10.000 1.000
end
#wall. params: matId => 2, x1 => 4.997, z1 => -8.662, x2 => 273.659, z2 => 146.335, yStart => 0.000, zWidth => 1.000, yHeight => 10.000
begin 2
-0.866 0.000 0.500 4.997
0.000 1.000 0.000 0.000
-0.500 0.000 -0.866 -8.662
0.000 0.000 0.000 1.000
box 2 -310.167 0.000 0.000 0.000 10.000 1.000
end
#track
begin 4
0.866 0.000 -0.500 273.659
0.000 1.000 0.000 0.000
0.500 0.000 0.866 146.335
0.000 0.000 0.000 1.000
box 4 -310.167 0.000 0.000 0.000 1.000 10.000
end
#wall. params: matId => 2, x1 => 260.000, z1 => 150.000, x2 => 110.000, z2 => 410.000, yStart => 0.000, zWidth => 1.000, yHeight => 10.000
begin 2
0.500 0.000 0.866 260.000
0.000 1.000 0.000 0.000
-0.866 0.000 0.500 150.000
0.000 0.000 0.000 1.000
box 2 -300.167 0.000 0.000 0.000 10.000 1.000
end
#wall. params: matId => 2, x1 => 273.659, z1 => 146.335, x2 => 123.659, z2 => 406.335, yStart => 0.000, zWidth => 1.000, yHeight => 10.000
begin 2
0.500 0.000 0.866 273.659
0.000 1.000 0.000 0.000
-0.866 0.000 0.500 146.335
0.000 0.000 0.000 1.000
box 2 -300.167 0.000 0.000 0.000 10.000 1.000
end
#track
begin 4
0.500 0.000 0.866 260.000
0.000 1.000 0.000 0.000
-0.866 0.000 0.500 150.000
0.000 0.000 0.000 1.000
box 4 -300.167 0.000 0.000 0.000 1.000 10.000
end
#wall. params: matId => 2, x1 => 110.000, z1 => 410.000, x2 => 240.000, z2 => 485.000, yStart => 0.000, zWidth => 1.000, yHeight => 10.000
begin 2
-0.866 0.000 0.500 110.000
0.000 1.000 0.000 0.000
-0.500 0.000 -0.866 410.000
0.000 0.000 0.000 1.000
box 2 -150.083 0.000 0.000 0.000 10.000 1.000
end
#wall. params: matId => 2, x1 => 123.659, z1 => 406.335, x2 => 236.335, z2 => 471.341, yStart => 0.000, zWidth => 1.000, yHeight => 10.000
begin 2
-0.866 0.000 0.500 123.659
0.000 1.000 0.000 0.000
-0.500 0.000 -0.866 406.335
0.000 0.000 0.000 1.000
box 2 -130.083 0.000 0.000 0.000 10.000 1.000
end
#track
begin 4
0.866 0.000 -0.500 236.335
0.000 1.000 0.000 0.000
0.500 0.000 0.866 471.341
0.000 0.000 0.000 1.000
box 4 -130.083 0.000 0.000 0.000 1.000 10.000
end
#wall. params: matId => 2, x1 => 240.000, z1 => 485.000, x2 => 315.000, z2 => 355.000, yStart => 0.000, zWidth => 1.000, yHeight => 10.000
begin 2
-0.500 0.000 -0.866 240.000
0.000 1.000 0.000 0.000
0.866 0.000 -0.500 485.000
0.000 0.000 0.000 1.000
box 2 -150.083 0.000 0.000 0.000 10.000 1.000
end
#wall. params: matId => 2, x1 => 236.335, z1 => 471.341, x2 => 311.335, z2 => 341.341, yStart => 0.000, zWidth => 1.000, yHeight => 10.000
begin 2
-0.500 0.000 -0.866 236.335
0.000 1.000 0.000 0.000
0.866 0.000 -0.500 471.341
0.000 0.000 0.000 1.000
box 2 -150.083 0.000 0.000 0.000 10.000 1.000
end
#track
begin 4
-0.500 0.000 -0.866 240.000
0.000 1.000 0.000 0.000
0.866 0.000 -0.500 485.000
0.000 0.000 0.000 1.000
box 4 -150.083 0.000 0.000 0.000 1.000 10.000
end
#wall. params: matId => 2, x1 => 315.000, z1 => 355.000, x2 => 380.000, z2 => 392.500, yStart => 0.000, zWidth => 1.000, yHeight => 10.000
begin 2
-0.866 0.000 0.500 315.000
0.000 1.000 0.000 0.000
-0.500 0.000 -0.866 355.000
0.000 0.000 0.000 1.000
box 2 -75.042 0.000 0.000 0.000 10.000 1.000
end
#wall. params: matId => 2, x1 => 311.335, z1 => 341.341, x2 => 393.659, z2 => 388.835, yStart => 0.000, zWidth => 1.000, yHeight => 10.000
begin 2
-0.866 0.000 0.500 311.335
0.000 1.000 0.000 0.000
-0.500 0.000 -0.866 341.341
0.000 0.000 0.000 1.000
box 2 -95.042 0.000 0.000 0.000 10.000 1.000
end
#track
begin 4
0.866 0.000 -0.500 393.659
0.000 1.000 0.000 0.000
0.500 0.000 0.866 388.835
0.000 0.000 0.000 1.000
box 4 -95.042 0.000 0.000 0.000 1.000 10.000
end
#wall. params: matId => 2, x1 => 380.000, z1 => 392.500, x2 => 155.000, z2 => 782.500, yStart => 0.000, zWidth => 1.000, yHeight => 10.000
begin 2
0.500 0.000 0.866 380.000
0.000 1.000 0.000 0.000
-0.866 0.000 0.500 392.500
0.000 0.000 0.000 1.000
box 2 -450.250 0.000 0.000 0.000 10.000 1.000
end
#wall. params: matId => 2, x1 => 393.659, z1 => 388.835, x2 => 158.665, z2 => 796.159, yStart => 0.000, zWidth => 1.000, yHeight => 10.000
begin 2
0.500 0.000 0.866 393.659
0.000 1.000 0.000 0.000
-0.866 0.000 0.500 388.835
0.000 0.000 0.000 1.000
box 2 -470.250 0.000 0.000 0.000 10.000 1.000
end
#track
begin 4
0.500 0.000 0.866 380.000
0.000 1.000 0.000 0.000
-0.866 0.000 0.500 392.500
0.000 0.000 0.000 1.000
box 4 -450.250 0.000 0.000 0.000 1.000 10.000
end
#wall. params: matId => 2, x1 => 155.000, z1 => 782.500, x2 => -40.000, z2 => 670.000, yStart => 0.000, zWidth => 1.000, yHeight => 10.000
begin 2
0.866 0.000 -0.500 155.000
0.000 1.000 0.000 0.000
0.500 0.000 0.866 782.500
0.000 0.000 0.000 1.000
box 2 -225.125 0.000 0.000 0.000 10.000 1.000
end
#wall. params: matId => 2, x1 => 158.665, z1 => 796.159, x2 => -53.659, z2 => 673.665, yStart => 0.000, zWidth => 1.000, yHeight => 10.000
begin 2
0.866 0.000 -0.500 158.665
0.000 1.000 0.000 0.000
0.500 0.000 0.866 796.159
0.000 0.000 0.000 1.000
box 2 -245.125 0.000 0.000 0.000 10.000 1.000
end
#track
begin 4
-0.866 0.000 0.500 -53.659
0.000 1.000 0.000 0.000
-0.500 0.000 -0.866 673.665
0.000 0.000 0.000 1.000
box 4 -245.125 0.000 0.000 0.000 1.000 10.000
end
#wall. params: matId => 2, x1 => -40.000, z1 => 670.000, x2 => 72.500, z2 => 475.000, yStart => 0.000, zWidth => 1.000, yHeight => 10.000
begin 2
-0.500 0.000 -0.866 -40.000
0.000 1.000 0.000 0.000
0.866 0.000 -0.500 670.000
0.000 0.000 0.000 1.000
box 2 -225.125 0.000 0.000 0.000 10.000 1.000
end
#wall. params: matId => 2, x1 => -53.659, z1 => 673.665, x2 => 58.841, z2 => 478.665, yStart => 0.000, zWidth => 1.000, yHeight => 10.000
begin 2
-0.500 0.000 -0.866 -53.659
0.000 1.000 0.000 0.000
0.866 0.000 -0.500 673.665
0.000 0.000 0.000 1.000
box 2 -225.125 0.000 0.000 0.000 10.000 1.000
end
#track
begin 4
-0.500 0.000 -0.866 -40.000
0.000 1.000 0.000 0.000
0.866 0.000 -0.500 670.000
0.000 0.000 0.000 1.000
box 4 -225.125 0.000 0.000 0.000 1.000 10.000
end
#wall. params: matId => 2, x1 => 72.500, z1 => 475.000, x2 => -317.500, z2 => 250.000, yStart => 0.000, zWidth => 1.000, yHeight => 10.000
begin 2
0.866 0.000 -0.500 72.500
0.000 1.000 0.000 0.000
0.500 0.000 0.866 475.000
0.000 0.000 0.000 1.000
box 2 -450.250 0.000 0.000 0.000 10.000 1.000
end
#wall. params: matId => 2, x1 => 58.841, z1 => 478.665, x2 => -331.159, z2 => 253.665, yStart => 0.000, zWidth => 1.000, yHeight => 10.000
begin 2
0.866 0.000 -0.500 58.841
0.000 1.000 0.000 0.000
0.500 0.000 0.866 478.665
0.000 0.000 0.000 1.000
box 2 -450.250 0.000 0.000 0.000 10.000 1.000
end
#track
begin 4
-0.866 0.000 0.500 -331.159
0.000 1.000 0.000 0.000
-0.500 0.000 -0.866 253.665
0.000 0.000 0.000 1.000
box 4 -450.250 0.000 0.000 0.000 1.000 10.000
end
#wall. params: matId => 2, x1 => -317.500, z1 => 250.000, x2 => -130.000, z2 => -75.000, yStart => 0.000, zWidth => 1.000, yHeight => 10.000
begin 2
-0.500 0.000 -0.866 -317.500
0.000 1.000 0.000 0.000
0.866 0.000 -0.500 250.000
0.000 0.000 0.000 1.000
box 2 -375.208 0.000 0.000 0.000 10.000 1.000
end
#wall. params: matId => 2, x1 => -331.159, z1 => 253.665, x2 => -133.665, z2 => -88.659, yStart => 0.000, zWidth => 1.000, yHeight => 10.000
begin 2
-0.500 0.000 -0.866 -331.159
0.000 1.000 0.000 0.000
0.866 0.000 -0.500 253.665
0.000 0.000 0.000 1.000
box 2 -395.208 0.000 0.000 0.000 10.000 1.000
end
#track
begin 4
-0.500 0.000 -0.866 -317.500
0.000 1.000 0.000 0.000
0.866 0.000 -0.500 250.000
0.000 0.000 0.000 1.000
box 4 -375.208 0.000 0.000 0.000 1.000 10.000
end
#wall. params: matId => 2, x1 => -130.000, z1 => -75.000, x2 => 0.000, z2 => 0.000, yStart => 0.000, zWidth => 1.000, yHeight => 10.000
begin 2
-0.866 0.000 0.500 -130.000
0.000 1.000 0.000 0.000
-0.500 0.000 -0.866 -75.000
0.000 0.000 0.000 1.000
box 2 -150.083 0.000 0.000 0.000 10.000 1.000
end
#wall. params: matId => 2, x1 => -133.665, z1 => -88.659, x2 => 4.997, z2 => -8.662, yStart => 0.000, zWidth => 1.000, yHeight => 10.000
begin 2
-0.866 0.000 0.500 -133.665
0.000 1.000 0.000 0.000
-0.500 0.000 -0.866 -88.659
0.000 0.000 0.000 1.000
box 2 -160.083 0.000 0.000 0.000 10.000 1.000
end
#track
begin 4
0.866 0.000 -0.500 4.997
0.000 1.000 0.000 0.000
0.500 0.000 0.866 -8.662
0.000 0.000 0.000 1.000
box 4 -160.083 0.000 0.000 0.000 1.000 10.000
endt

#player car (-2 denotes this mesh is the player car)
mesh   3 1 car.off 


