# This scene has three dir lights
# It is good for testing illuminaton with dir lights.

# A camera
camera 0 25 -25   0 -25 25   0 1 0   0.25   1 1000


# One directional light
#dir_light 0 0 1   0.710 -.580 -0.410
   

# A mostly diffuse material
material   0 0 0   1 1 1  0.2 0.2 0.2   0.0 0.0 0.0  0.0 0.0 0.0  10 1 0 
material   0 0 0   1 1 1  0.2 0.2 0.2   0.0 0.0 0.0  0.0 0.0 0.0  10 1 road2.jpg
material   0 0 0   1 1 1  0.2 0.2 0.2   0.0 0.0 0.0  0.0 0.0 0.0  10 1 obsidian.jpg
material   0 0 0   1 1 1  0.2 0.2 0.2   0.0 0.0 0.0  0.0 0.0 0.0  10 1 0
material   0 0 0   1 1 1  0.2 0.2 0.2   0.0 0.0 0.0  0.0 0.0 0.0  10 1 road2.jpg

#wall. params: matId => 2, x1 => 0.000, z1 => 0.000, x2 => 260.000, z2 => 150.000, yStart => 0.000, zWidth => 1.000, yHeight => 10.000
begin 2
-0.866 0.000 0.500 0.000
0.000 1.000 0.000 0.000
-0.500 0.000 -0.866 0.000
0.000 0.000 0.000 1.000
box 2 -300.167 0.000 0.000 0.000 10.000 1.000
end
#wall. params: matId => 2, x1 => 9.994, z1 => -17.324, x2 => 287.318, z2 => 142.671, yStart => 0.000, zWidth => 1.000, yHeight => 10.000
begin 2
-0.866 0.000 0.500 9.994
0.000 1.000 0.000 0.000
-0.500 0.000 -0.866 -17.324
0.000 0.000 0.000 1.000
box 2 -320.167 0.000 0.000 0.000 10.000 1.000
end
#track
begin 1
0.866 0.000 -0.500 287.318
0.000 1.000 0.000 0.000
0.500 0.000 0.866 142.671
0.000 0.000 0.000 1.000
box 1 -320.167 0.000 0.000 0.000 1.000 20.000
end
#wall. params: matId => 2, x1 => 260.000, z1 => 150.000, x2 => 110.000, z2 => 410.000, yStart => 0.000, zWidth => 1.000, yHeight => 10.000
begin 2
0.500 0.000 0.866 260.000
0.000 1.000 0.000 0.000
-0.866 0.000 0.500 150.000
0.000 0.000 0.000 1.000
box 2 -300.167 0.000 0.000 0.000 10.000 1.000
end
#wall. params: matId => 2, x1 => 287.318, z1 => 142.671, x2 => 137.318, z2 => 402.671, yStart => 0.000, zWidth => 1.000, yHeight => 10.000
begin 2
0.500 0.000 0.866 287.318
0.000 1.000 0.000 0.000
-0.866 0.000 0.500 142.671
0.000 0.000 0.000 1.000
box 2 -300.167 0.000 0.000 0.000 10.000 1.000
end
#track
begin 1
0.500 0.000 0.866 260.000
0.000 1.000 0.000 0.000
-0.866 0.000 0.500 150.000
0.000 0.000 0.000 1.000
box 1 -300.167 0.000 0.000 0.000 1.000 20.000
end
#wall. params: matId => 2, x1 => 110.000, z1 => 410.000, x2 => 240.000, z2 => 485.000, yStart => 0.000, zWidth => 1.000, yHeight => 10.000
begin 2
-0.866 0.000 0.500 110.000
0.000 1.000 0.000 0.000
-0.500 0.000 -0.866 410.000
0.000 0.000 0.000 1.000
box 2 -150.083 0.000 0.000 0.000 10.000 1.000
end
#wall. params: matId => 2, x1 => 137.318, z1 => 402.671, x2 => 232.671, z2 => 457.682, yStart => 0.000, zWidth => 1.000, yHeight => 10.000
begin 2
-0.866 0.000 0.500 137.318
0.000 1.000 0.000 0.000
-0.500 0.000 -0.866 402.671
0.000 0.000 0.000 1.000
box 2 -110.083 0.000 0.000 0.000 10.000 1.000
end
#track
begin 1
0.866 0.000 -0.500 232.671
0.000 1.000 0.000 0.000
0.500 0.000 0.866 457.682
0.000 0.000 0.000 1.000
box 1 -110.083 0.000 0.000 0.000 1.000 20.000
end
#wall. params: matId => 2, x1 => 240.000, z1 => 485.000, x2 => 315.000, z2 => 355.000, yStart => 0.000, zWidth => 1.000, yHeight => 10.000
begin 2
-0.500 0.000 -0.866 240.000
0.000 1.000 0.000 0.000
0.866 0.000 -0.500 485.000
0.000 0.000 0.000 1.000
box 2 -150.083 0.000 0.000 0.000 10.000 1.000
end
#wall. params: matId => 2, x1 => 232.671, z1 => 457.682, x2 => 307.671, z2 => 327.682, yStart => 0.000, zWidth => 1.000, yHeight => 10.000
begin 2
-0.500 0.000 -0.866 232.671
0.000 1.000 0.000 0.000
0.866 0.000 -0.500 457.682
0.000 0.000 0.000 1.000
box 2 -150.083 0.000 0.000 0.000 10.000 1.000
end
#track
begin 1
-0.500 0.000 -0.866 240.000
0.000 1.000 0.000 0.000
0.866 0.000 -0.500 485.000
0.000 0.000 0.000 1.000
box 1 -150.083 0.000 0.000 0.000 1.000 20.000
end
#wall. params: matId => 2, x1 => 315.000, z1 => 355.000, x2 => 380.000, z2 => 392.500, yStart => 0.000, zWidth => 1.000, yHeight => 10.000
begin 2
-0.866 0.000 0.500 315.000
0.000 1.000 0.000 0.000
-0.500 0.000 -0.866 355.000
0.000 0.000 0.000 1.000
box 2 -75.042 0.000 0.000 0.000 10.000 1.000
end
#wall. params: matId => 2, x1 => 307.671, z1 => 327.682, x2 => 407.318, z2 => 385.171, yStart => 0.000, zWidth => 1.000, yHeight => 10.000
begin 2
-0.866 0.000 0.500 307.671
0.000 1.000 0.000 0.000
-0.500 0.000 -0.866 327.682
0.000 0.000 0.000 1.000
box 2 -115.042 0.000 0.000 0.000 10.000 1.000
end
#track
begin 1
0.866 0.000 -0.500 407.318
0.000 1.000 0.000 0.000
0.500 0.000 0.866 385.171
0.000 0.000 0.000 1.000
box 1 -115.042 0.000 0.000 0.000 1.000 20.000
end
#wall. params: matId => 2, x1 => 380.000, z1 => 392.500, x2 => 155.000, z2 => 782.500, yStart => 0.000, zWidth => 1.000, yHeight => 10.000
begin 2
0.500 0.000 0.866 380.000
0.000 1.000 0.000 0.000
-0.866 0.000 0.500 392.500
0.000 0.000 0.000 1.000
box 2 -450.250 0.000 0.000 0.000 10.000 1.000
end
#wall. params: matId => 2, x1 => 407.318, z1 => 385.171, x2 => 162.329, z2 => 809.818, yStart => 0.000, zWidth => 1.000, yHeight => 10.000
begin 2
0.500 0.000 0.866 407.318
0.000 1.000 0.000 0.000
-0.866 0.000 0.500 385.171
0.000 0.000 0.000 1.000
box 2 -490.250 0.000 0.000 0.000 10.000 1.000
end
#track
begin 1
0.500 0.000 0.866 380.000
0.000 1.000 0.000 0.000
-0.866 0.000 0.500 392.500
0.000 0.000 0.000 1.000
box 1 -450.250 0.000 0.000 0.000 1.000 20.000
end
#wall. params: matId => 2, x1 => 155.000, z1 => 782.500, x2 => -40.000, z2 => 670.000, yStart => 0.000, zWidth => 1.000, yHeight => 10.000
begin 2
0.866 0.000 -0.500 155.000
0.000 1.000 0.000 0.000
0.500 0.000 0.866 782.500
0.000 0.000 0.000 1.000
box 2 -225.125 0.000 0.000 0.000 10.000 1.000
end
#wall. params: matId => 2, x1 => 162.329, z1 => 809.818, x2 => -67.318, z2 => 677.329, yStart => 0.000, zWidth => 1.000, yHeight => 10.000
begin 2
0.866 0.000 -0.500 162.329
0.000 1.000 0.000 0.000
0.500 0.000 0.866 809.818
0.000 0.000 0.000 1.000
box 2 -265.125 0.000 0.000 0.000 10.000 1.000
end
#track
begin 1
-0.866 0.000 0.500 -67.318
0.000 1.000 0.000 0.000
-0.500 0.000 -0.866 677.329
0.000 0.000 0.000 1.000
box 1 -265.125 0.000 0.000 0.000 1.000 20.000
end
#wall. params: matId => 2, x1 => -40.000, z1 => 670.000, x2 => 72.500, z2 => 475.000, yStart => 0.000, zWidth => 1.000, yHeight => 10.000
begin 2
-0.500 0.000 -0.866 -40.000
0.000 1.000 0.000 0.000
0.866 0.000 -0.500 670.000
0.000 0.000 0.000 1.000
box 2 -225.125 0.000 0.000 0.000 10.000 1.000
end
#wall. params: matId => 2, x1 => -67.318, z1 => 677.329, x2 => 45.182, z2 => 482.329, yStart => 0.000, zWidth => 1.000, yHeight => 10.000
begin 2
-0.500 0.000 -0.866 -67.318
0.000 1.000 0.000 0.000
0.866 0.000 -0.500 677.329
0.000 0.000 0.000 1.000
box 2 -225.125 0.000 0.000 0.000 10.000 1.000
end
#track
begin 1
-0.500 0.000 -0.866 -40.000
0.000 1.000 0.000 0.000
0.866 0.000 -0.500 670.000
0.000 0.000 0.000 1.000
box 1 -225.125 0.000 0.000 0.000 1.000 20.000
end
#wall. params: matId => 2, x1 => 72.500, z1 => 475.000, x2 => -317.500, z2 => 250.000, yStart => 0.000, zWidth => 1.000, yHeight => 10.000
begin 2
0.866 0.000 -0.500 72.500
0.000 1.000 0.000 0.000
0.500 0.000 0.866 475.000
0.000 0.000 0.000 1.000
box 2 -450.250 0.000 0.000 0.000 10.000 1.000
end
#wall. params: matId => 2, x1 => 45.182, z1 => 482.329, x2 => -344.818, z2 => 257.329, yStart => 0.000, zWidth => 1.000, yHeight => 10.000
begin 2
0.866 0.000 -0.500 45.182
0.000 1.000 0.000 0.000
0.500 0.000 0.866 482.329
0.000 0.000 0.000 1.000
box 2 -450.250 0.000 0.000 0.000 10.000 1.000
end
#track
begin 1
-0.866 0.000 0.500 -344.818
0.000 1.000 0.000 0.000
-0.500 0.000 -0.866 257.329
0.000 0.000 0.000 1.000
box 1 -450.250 0.000 0.000 0.000 1.000 20.000
end
#wall. params: matId => 2, x1 => -317.500, z1 => 250.000, x2 => -130.000, z2 => -75.000, yStart => 0.000, zWidth => 1.000, yHeight => 10.000
begin 2
-0.500 0.000 -0.866 -317.500
0.000 1.000 0.000 0.000
0.866 0.000 -0.500 250.000
0.000 0.000 0.000 1.000
box 2 -375.208 0.000 0.000 0.000 10.000 1.000
end
#wall. params: matId => 2, x1 => -344.818, z1 => 257.329, x2 => -137.329, z2 => -102.318, yStart => 0.000, zWidth => 1.000, yHeight => 10.000
begin 2
-0.500 0.000 -0.866 -344.818
0.000 1.000 0.000 0.000
0.866 0.000 -0.500 257.329
0.000 0.000 0.000 1.000
box 2 -415.208 0.000 0.000 0.000 10.000 1.000
end
#track
begin 1
-0.500 0.000 -0.866 -317.500
0.000 1.000 0.000 0.000
0.866 0.000 -0.500 250.000
0.000 0.000 0.000 1.000
box 1 -375.208 0.000 0.000 0.000 1.000 20.000
end
#wall. params: matId => 2, x1 => -130.000, z1 => -75.000, x2 => 0.000, z2 => 0.000, yStart => 0.000, zWidth => 1.000, yHeight => 10.000
begin 2
-0.866 0.000 0.500 -130.000
0.000 1.000 0.000 0.000
-0.500 0.000 -0.866 -75.000
0.000 0.000 0.000 1.000
box 2 -150.083 0.000 0.000 0.000 10.000 1.000
end
#wall. params: matId => 2, x1 => -137.329, z1 => -102.318, x2 => 9.994, z2 => -17.324, yStart => 0.000, zWidth => 1.000, yHeight => 10.000
begin 2
-0.866 0.000 0.500 -137.329
0.000 1.000 0.000 0.000
-0.500 0.000 -0.866 -102.318
0.000 0.000 0.000 1.000
box 2 -170.083 0.000 0.000 0.000 10.000 1.000
end
#track
begin 1
0.866 0.000 -0.500 9.994
0.000 1.000 0.000 0.000
0.500 0.000 0.866 -17.324
0.000 0.000 0.000 1.000
box 1 -170.083 0.000 0.000 0.000 1.000 20.000
end

#player car (-2 denotes this mesh is the player car)
mesh   3 1 car.off 


